Maxine Q. Craft
11 22 1994
80	93	64	68	87	70	84	83	97	71
Stella N. Mcfadden
12 16 1993
83	79	62	98	97	93	78	67	73	62
Oren C. Singleton
03 30 1996
86	81	69	77	78	76	84	97	68	69
Palmer R. Price
09 22 1993
84	98	98	87	61	96	89	77	73	73
Gray J. Witt
03 04 1991
61	68	70	75	96	84	61	71	85	87
Hilary B. Gill
11 29 1993
82	86	72	92	82	94	82	97	79	82
Ingrid A. Horne
02 04 1994
72	66	65	91	65	93	99	93	92	63
Byron U. Stout
12 19 1991
64	70	94	65	90	63	88	65	76	65
Imogene D. Albert
05 12 1995
81	81	79	63	70	85	90	79	83	84
Rina M. Miles
01 21 1996
89	89	85	67	68	64	89	84	82	88
Raya S. Faulkner
05 04 1991
88	62	68	100	92	79	93	87	88	98
Imelda H. Carter
10 20 1989
71	65	78	73	81	82	61	69	69	84
Veronica D. Stuart
02 07 1992
74	80	80	84	72	77	100	91	88	92
Alexandra X. Merritt
05 15 1994
60	88	65	69	88	93	77	91	80	76
Neil W. Woodard
12 22 1990
68	69	70	80	72	70	79	76	65	89
Aretha F. Harmon
06 25 1995
80	60	62	100	94	63	79	78	76	60
Britanney Q. Schroeder
10 25 1995
82	87	74	72	65	75	62	83	87	65
Brynn N. Whitfield
03 19 1988
90	61	71	100	74	70	84	77	86	67
Veda N. Harrison
11 28 1989
69	63	63	74	100	71	91	71	97	77
Avram E. Cooke
06 19 1992
62	70	90	83	89	73	89	74	90	70
Latifah L. Woods
05 05 1988
97	72	70	60	69	61	77	100	92	68
Dylan P. Herring
04 13 1991
83	98	97	65	72	89	96	96	90	95
Lareina M. Good
03 19 1992
79	95	79	84	60	88	78	79	66	98
Ocean C. Hall
11 24 1988
94	78	85	87	98	81	66	82	100	85
Linus C. Blackwell
08 01 1996
95	99	90	85	71	86	67	95	83	79
Jayme M. Cameron
06 16 1991
73	85	72	65	70	62	79	64	69	99
Mira H. Elliott
01 01 1991
72	67	76	92	60	74	100	82	77	75
Florence G. Hayden
06 30 1993
96	64	73	95	97	81	93	68	95	100
Shelly R. Garza
05 24 1994
73	66	73	100	85	76	68	100	98	84
Hector W. Hernandez
11 20 1995
60	85	88	74	91	91	99	87	81	100
